,gender_female,gender_male,origin_bulgaria,origin_england,origin_europe,origin_france,origin_indonesia,origin_ireland,origin_scotland,origin_usa,origin_wales,specialty_auror,specialty_baking,specialty_charms,specialty_chess,specialty_creatures,specialty_dark_arts,specialty_defense_against_the_dark_arts,specialty_dueling,specialty_goat_charming,specialty_gossip,specialty_herbology,specialty_history_of_magic,specialty_household_charms,specialty_legilimency,specialty_magical_creatures,specialty_memory_charms,specialty_metamorphmagus,specialty_muggle_artifacts,specialty_obscurus,specialty_potions,specialty_quidditch,specialty_strength,specialty_transfiguration,specialty_transformation,blood_status_half-blood,blood_status_muggle-born,blood_status_no-mag,blood_status_pure-blood,pet_cat,pet_demiguise,pet_dog,pet_goat,pet_owl,pet_phoenix,pet_rat,pet_snake,pet_toad,wand_type_alder,wand_type_ash,wand_type_birch,wand_type_blackthorn,wand_type_cedar,wand_type_cherry,wand_type_chestnut,wand_type_cypress,wand_type_ebony,wand_type_elder,wand_type_elm,wand_type_fir,wand_type_hawthorn,wand_type_hazel,wand_type_hemlock,wand_type_holly,wand_type_hornbeam,wand_type_maple,wand_type_oak,wand_type_pine,wand_type_rosewood,wand_type_rowan,wand_type_sword,wand_type_teak,wand_type_vine,wand_type_walnut,wand_type_willow,wand_type_yew,patronus_cat,patronus_doe,patronus_dog,patronus_eagle,patronus_hare,patronus_horse,patronus_jack_russell_terrier,patronus_lion,patronus_non-corporeal,patronus_otter,patronus_phoenix,patronus_serpent,patronus_stag,patronus_swan,patronus_wolf,quidditch_position_azkaban,quidditch_position_beater,quidditch_position_chaser,quidditch_position_keeper,quidditch_position_seeker,boggart_arianas_death,boggart_dementor,boggart_dueling,boggart_failure,boggart_full_moon,boggart_her_mother,boggart_lily_potter,boggart_lord_voldemort,boggart_severus_snape,boggart_spider,boggart_tom_riddle,favorite_class_arithmancy,favorite_class_baking,favorite_class_charms,favorite_class_creatures,favorite_class_dark_arts,favorite_class_defense_against_the_dark_arts,favorite_class_dueling,favorite_class_goat_charming,favorite_class_gossip,favorite_class_herbology,favorite_class_household_charms,favorite_class_legilimency,favorite_class_memory_charms,favorite_class_muggle_studies,favorite_class_obscurus,favorite_class_potions,favorite_class_quidditch,favorite_class_strength,favorite_class_transfiguration,favorite_class_transformation,hp_100_120,hp_121_140,hp_141_160,hp_161_180,hp_181_200,age_11,age_12,age_13,age_14
gender_female,1.0,-1.0000000000000002,-0.1347420139090738,-0.3960621605037296,-0.1924500897298752,0.2571428571428571,0.14552137502179976,0.1455213750217997,0.29999999999999977,0.0920634920634921,0.20784609690826508,0.007698003589195035,-0.13474201390907384,0.297107355542109,-0.13474201390907387,0.1455213750217997,-0.10657403385139373,-0.07301587301587308,-0.19245008972987518,-0.13474201390907384,0.1455213750217997,0.09206349206349206,0.1455213750217998,0.14552137502179968,0.1455213750217998,-0.13474201390907387,-0.13474201390907384,0.14552137502179976,-0.13474201390907384,0.14552137502179974,-0.0527270504008297,-0.19245008972987523,-0.07301587301587298,0.011111111111111112,0.0076980035891950375,0.07555555555555561,0.20784609690826514,-0.13474201390907384,-0.1187827741832998,0.4098780306383839,-0.13474201390907387,-0.19245008972987523,-0.13474201390907384,-0.02566001196398338,-0.1347420139090739,-0.19245008972987518,0.14552137502179976,-0.13474201390907387,0.007698003589195039,-0.13333333333333325,0.007698003589194996,0.14552137502179976,0.007698003589194973,-0.19245008972987523,-0.19245008972987523,0.007698003589195043,0.007698003589195032,-0.23809523809523803,-0.19245008972987518,0.29999999999999993,-0.073015873015873,0.14552137502179974,0.14552137502179974,-0.13474201390907387,-0.19245008972987515,0.14552137502179968,-0.19245008972987523,0.2078460969082651,0.14552137502179974,0.14552137502179968,-0.13474201390907384,0.14552137502179976,0.1455213750217997,0.007698003589195001,0.20784609690826522,0.0076980035891949725,0.1455213750217998,0.007698003589194996,-0.13474201390907384,0.14552137502179968,0.1455213750217997,0.1455213750217997,-0.13474201390907387,-0.13474201390907384,-0.025660011963983306,0.1455213750217997,-0.1347420139090739,-0.13474201390907384,-0.19245008972987518,0.14552137502179974,0.14552137502179976,0.1455213750217997,-0.13474201390907384,0.0076980035891949985,-0.13474201390907387,0.0527270504008297,-0.1347420139090739,-0.13474201390907387,0.1455213750217997,0.16162752485305057,-0.19245008972987518,0.20784609690826508,-0.1347420139090739,-0.13474201390907387,-0.13474201390907387,-0.13474201390907387,0.1455213750217997,0.1455213750217997,-0.13474201390907384,0.31176801396651943,0.007698003589194989,-0.18328927044097923,-0.09026709338484405,-0.19245008972987518,-0.13474201390907384,0.1455213750217997,0.09206349206349206,0.14552137502179968,0.1455213750217998,-0.13474201390907384,-0.13474201390907384,0.14552137502179974,-0.0527270504008297,-0.1347420139090738,-0.07301587301587298,0.007698003589195011,0.0076980035891950375,0.3389596097196192,0.2548509505142025,-0.19694638556693234,0.011111111111111134,-0.041204669746715876,-0.11111111111111113,0.29999999999999993,-0.017971912984515347,-0.048686449556014706
gender_male,-1.0000000000000002,1.0,0.13474201390907387,0.3960621605037295,0.1924500897298753,-0.2571428571428571,-0.1455213750217998,-0.14552137502179976,-0.3,-0.09206349206349207,-0.20784609690826522,-0.00769800358919499,0.1347420139090739,-0.2971073555421091,0.1347420139090739,-0.14552137502179976,0.10657403385139373,0.07301587301587303,0.19245008972987523,0.13474201390907387,-0.1455213750217998,-0.09206349206349208,-0.14552137502179976,-0.14552137502179976,-0.1455213750217998,0.1347420139090739,0.13474201390907387,-0.1455213750217998,0.13474201390907384,-0.14552137502179976,0.05272705040082967,0.1924500897298753,0.073015873015873,-0.011111111111111086,-0.007698003589195005,-0.07555555555555553,-0.20784609690826517,0.1347420139090739,0.11878277418329966,-0.4098780306383839,0.1347420139090739,0.19245008972987523,0.13474201390907387,0.025660011963983313,0.1347420139090739,0.19245008972987526,-0.1455213750217998,0.1347420139090739,-0.007698003589194986,0.13333333333333333,-0.00769800358919501,-0.1455213750217998,-0.007698003589195058,0.19245008972987523,0.1924500897298752,-0.007698003589195031,-0.007698003589195058,0.2380952380952381,0.19245008972987518,-0.3,0.07301587301587302,-0.14552137502179982,-0.1455213750217997,0.1347420139090739,0.19245008972987515,-0.14552137502179976,0.19245008972987523,-0.2078460969082653,-0.14552137502179976,-0.14552137502179976,0.1347420139090738,-0.1455213750217998,-0.14552137502179976,-0.007698003589195047,-0.20784609690826525,-0.007698003589194973,-0.1455213750217998,-0.007698003589194986,0.13474201390907384,-0.14552137502179976,-0.14552137502179976,-0.1455213750217998,0.1347420139090739,0.1347420139090738,0.02566001196398335,-0.14552137502179976,0.1347420139090739,0.1347420139090738,0.19245008972987523,-0.14552137502179982,-0.1455213750217998,-0.14552137502179976,0.13474201390907384,-0.007698003589195008,0.1347420139090739,-0.052727050400829686,0.1347420139090739,0.1347420139090739,-0.14552137502179976,-0.1616275248530506,0.19245008972987518,-0.20784609690826522,0.1347420139090739,0.1347420139090739,0.1347420139090739,0.1347420139090739,-0.1455213750217998,-0.14552137502179976,0.1347420139090739,-0.3117680139665194,-0.007698003589195022,0.18328927044097926,0.09026709338484404,0.19245008972987523,0.13474201390907387,-0.1455213750217998,-0.09206349206349208,-0.14552137502179976,-0.1455213750217998,0.13474201390907387,0.13474201390907384,-0.14552137502179976,0.05272705040082967,0.13474201390907387,0.073015873015873,-0.007698003589194969,-0.007698003589195005,-0.3389596097196191,-0.25485095051420253,0.19694638556693242,-0.011111111111111158,0.041204669746715834,0.11111111111111117,-0.3,0.0179719129845153,0.04868644955601475
origin_bulgaria,-0.1347420139090738,0.13474201390907387,1.0,-0.2009206032541098,-0.02800560168056019,-0.034647946433761845,-0.0196078431372549,-0.019607843137254916,-0.04042260417272216,-0.034647946433761845,-0.028005601680560203,-0.0280056016805602,-0.019607843137254905,-0.05522779130530095,-0.019607843137254916,-0.019607843137254916,-0.050572173742417376,-0.03464794643376186,-0.028005601680560193,-0.0196078431372549,-0.0196078431372549,-0.03464794643376186,-0.0196078431372549,-0.01960784313725491,-0.0196078431372549,-0.019607843137254905,-0.0196078431372549,-0.0196078431372549,-0.01960784313725491,-0.0196078431372549,-0.04567210044745521,0.700140042014005,-0.034647946433761845,-0.040422604172722164,-0.028005601680560193,-0.13474201390907392,-0.028005601680560203,-0.019607843137254905,0.15124753549550504,-0.055227791305300956,-0.019607843137254905,-0.0280056016805602,-0.0196078431372549,0.09335200560186732,-0.01960784313725492,-0.028005601680560203,-0.0196078431372549,-0.019607843137254905,-0.028005601680560193,-0.04042260417272216,-0.0280056016805602,-0.0196078431372549,-0.028005601680560203,-0.028005601680560193,-0.0280056016805602,-0.028005601680560193,-0.028005601680560193,-0.03464794643376187,-0.0280056016805602,-0.040422604172722185,0.5659164584181103,-0.019607843137254905,-0.0196078431372549,-0.019607843137254916,-0.0280056016805602,-0.01960784313725491,-0.028005601680560193,-0.02800560168056019,-0.0196078431372549,-0.01960784313725491,-0.0196078431372549,-0.0196078431372549,-0.019607843137254916,-0.028005601680560203,-0.028005601680560193,-0.028005601680560193,-0.019607843137254905,-0.028005601680560203,-0.0196078431372549,-0.01960784313725491,-0.019607843137254916,-0.019607843137254905,-0.019607843137254916,-0.0196078431372549,0.09335200560186731,-0.019607843137254916,-0.01960784313725492,-0.01960784313725491,-0.028005601680560203,-0.019607843137254905,-0.0196078431372549,-0.019607843137254916,-0.0196078431372549,-0.028005601680560193,-0.019607843137254916,0.04567210044745522,-0.01960784313725492,-0.019607843137254916,-0.019607843137254916,0.076696498884737,-0.028005601680560193,-0.028005601680560203,-0.01960784313725492,-0.019607843137254916,-0.019607843137254905,-0.019607843137254916,-0.019607843137254905,-0.019607843137254916,-0.019607843137254905,-0.06832667180756566,-0.02800560168056021,-0.04567210044745518,-0.05970814340265323,-0.028005601680560193,-0.0196078431372549,-0.0196078431372549,-0.03464794643376186,-0.01960784313725491,-0.0196078431372549,-0.0196078431372549,-0.01960784313725491,-0.0196078431372549,-0.04567210044745521,1.0,-0.034647946433761845,-0.028005601680560193,-0.028005601680560193,-0.045672100447455184,-0.050572173742417376,-0.059708143402653215,0.4850712500726659,-0.05522779130530097,-0.08084520834544431,-0.04042260417272216,-0.08915786895268654,0.17712297710801903
origin_england,-0.3960621605037296,0.3960621605037295,-0.2009206032541098,1.0,-0.2869720215917757,-0.35503580124836315,-0.20092060325410976,-0.20092060325410982,-0.41420843478975716,-0.35503580124836315,-0.2869720215917757,-0.07379280555217083,-0.2009206032541098,-0.32569069647736126,0.09759000729485336,-0.20092060325410982,-0.00493533880443904,0.1724459606063477,0.13938641048743391,0.09759000729485337,0.09759000729485334,-0.0033812933452225173,0.09759000729485337,0.0975900072948534,-0.2009206032541098,0.09759000729485338,0.09759000729485336,-0.2009206032541099,0.09759000729485337,0.09759000729485337,0.22731417140775967,-0.07379280555217091,-0.0033812933452224705,0.047338106833114964,-0.07379280555217083,-0.23195672348226382,0.13938641048743397,-0.2009206032541098,0.2340553626070251,0.15476082740413638,0.09759000729485338,0.13938641048743394,0.09759000729485337,-0.28697202159177576,0.09759000729485331,0.13938641048743397,-0.20092060325410976,0.09759000729485329,-0.07379280555217085,0.047338106833115054,-0.07379280555217085,-0.2009206032541099,-0.07379280555217092,0.13938641048743391,0.13938641048743394,-0.07379280555217088,0.13938641048743397,-0.003381293345222433,0.13938641048743397,-0.26035958758213296,-0.0033812933452224436,-0.20092060325410993,0.09759000729485336,0.09759000729485336,0.13938641048743391,-0.20092060325410982,0.139386410487434,0.13938641048743391,-0.20092060325410976,-0.20092060325410982,0.09759000729485334,-0.20092060325410976,0.09759000729485336,0.13938641048743394,0.13938641048743397,-0.07379280555217094,-0.2009206032541099,0.13938641048743394,0.09759000729485327,-0.20092060325410982,-0.20092060325410982,0.09759000729485329,0.09759000729485336,0.09759000729485334,-0.0204980015422696,0.09759000729485336,0.09759000729485331,0.09759000729485341,0.13938641048743397,-0.20092060325410993,-0.2009206032541099,0.09759000729485334,0.09759000729485327,0.1393864104874339,0.09759000729485336,-0.22731417140775964,0.09759000729485331,0.09759000729485336,0.09759000729485334,-0.1871202971412797,0.13938641048743383,-0.2869720215917758,0.09759000729485334,0.09759000729485336,0.09759000729485329,0.09759000729485336,0.09759000729485329,0.09759000729485336,-0.2009206032541098,-0.18003601080360127,-0.0737928055521709,-0.05081140302055796,0.06992301780272482,0.13938641048743391,0.09759000729485337,0.09759000729485334,-0.0033812933452225173,0.0975900072948534,-0.2009206032541098,0.09759000729485336,0.09759000729485337,0.09759000729485337,0.22731417140775967,-0.2009206032541098,-0.0033812933452224705,-0.07379280555217096,-0.07379280555217083,-0.18987419023471705,-0.2615729566352722,0.18354792173215284,-0.10651074037450892,-0.08546493453661255,0.3076976944152479,-0.260359587582133,0.3532572335083418,-0.46022464372203653
origin_europe,-0.1924500897298752,0.1924500897298753,-0.02800560168056019,-0.2869720215917757,1.0,-0.04948716593053935,-0.02800560168056019,-0.028005601680560214,-0.05773502691896256,-0.04948716593053935,-0.04000000000000001,-0.04000000000000001,-0.0280056016805602,-0.07888106377466157,-0.028005601680560214,-0.028005601680560214,0.5537749241945383,-0.04948716593053936,-0.039999999999999994,-0.028005601680560193,-0.028005601680560193,-0.04948716593053936,-0.02800560168056019,-0.028005601680560203,-0.02800560168056019,-0.0280056016805602,-0.028005601680560193,-0.028005601680560193,-0.028005601680560203,-0.02800560168056019,-0.06523280730534425,-0.04,-0.04948716593053935,-0.05773502691896257,-0.039999999999999994,0.007698003589194962,-0.04000000000000001,-0.0280056016805602,0.015430334996209195,-0.07888106377466157,-0.0280056016805602,-0.04000000000000001,-0.028005601680560193,0.1333333333333334,-0.028005601680560217,-0.04000000000000001,-0.02800560168056019,-0.028005601680560196,-0.039999999999999994,-0.05773502691896256,-0.04000000000000001,-0.028005601680560193,-0.04000000000000001,-0.039999999999999994,-0.04000000000000001,-0.039999999999999994,-0.039999999999999994,0.3794016054674684,-0.04,-0.0577350269189626,-0.04948716593053936,-0.028005601680560196,-0.028005601680560193,-0.028005601680560214,-0.04,-0.028005601680560203,-0.039999999999999994,-0.03999999999999999,-0.02800560168056019,-0.028005601680560203,-0.028005601680560193,-0.02800560168056019,-0.028005601680560214,-0.04000000000000001,-0.039999999999999994,0.4800000000000001,-0.028005601680560196,-0.04000000000000001,-0.028005601680560193,-0.028005601680560203,-0.028005601680560214,-0.028005601680560196,-0.028005601680560214,-0.028005601680560193,0.13333333333333336,-0.028005601680560214,-0.028005601680560217,-0.028005601680560203,-0.04000000000000001,-0.028005601680560196,-0.028005601680560193,-0.028005601680560214,-0.028005601680560193,-0.039999999999999994,-0.028005601680560214,0.06523280730534425,-0.028005601680560217,-0.028005601680560214,-0.028005601680560214,0.1095445115010332,-0.039999999999999994,-0.04000000000000001,-0.028005601680560217,-0.028005601680560214,-0.028005601680560196,-0.028005601680560214,-0.028005601680560196,-0.028005601680560214,-0.0280056016805602,-0.09759000729485334,-0.04000000000000002,0.6131883886702356,-0.08528028654224418,-0.039999999999999994,-0.028005601680560193,-0.028005601680560193,-0.04948716593053936,-0.028005601680560203,-0.02800560168056019,-0.028005601680560193,-0.028005601680560203,-0.02800560168056019,-0.06523280730534425,-0.02800560168056019,-0.04948716593053935,-0.039999999999999994,-0.039999999999999994,-0.06523280730534421,-0.07223151185146154,-0.08528028654224418,-0.05773502691896258,0.2141057445312242,-0.11547005383792514,-0.05773502691896256,-0.1273429079934027,0.2529822128134703
origin_france,0.2571428571428571,-0.2571428571428571,-0.034647946433761845,-0.35503580124836315,-0.04948716593053935,1.0,-0.03464794643376185,-0.03464794643376187,-0.07142857142857141,-0.06122448979591837,-0.04948716593053936,-0.049487165930539354,-0.03464794643376186,0.3857128859748964,-0.03464794643376187,-0.03464794643376187,-0.08936332031017492,-0.061224489795918394,-0.04948716593053934,-0.034647946433761845,-0.03464794643376185,-0.061224489795918394,-0.034647946433761845,-0.034647946433761866,-0.03464794643376185,-0.03464794643376186,-0.03464794643376185,-0.03464794643376185,-0.034647946433761866,-0.034647946433761845,-0.08070466898086179,-0.04948716593053934,0.2925170068027211,-0.07142857142857141,-0.04948716593053934,0.2571428571428571,-0.04948716593053936,-0.03464794643376186,-0.2290810644963638,-0.09759000729485333,-0.03464794643376186,-0.049487165930539354,-0.034647946433761845,0.16495721976846456,-0.03464794643376188,-0.04948716593053936,-0.03464794643376185,-0.03464794643376185,0.3794016054674684,-0.07142857142857141,-0.049487165930539354,-0.03464794643376185,-0.04948716593053936,-0.04948716593053934,-0.049487165930539354,-0.04948716593053934,-0.04948716593053934,-0.06122448979591841,-0.04948716593053936,0.23809523809523808,-0.061224489795918394,-0.03464794643376186,-0.03464794643376185,-0.03464794643376187,-0.049487165930539354,-0.034647946433761866,-0.04948716593053934,-0.04948716593053933,0.5659164584181102,-0.034647946433761866,-0.03464794643376185,-0.03464794643376185,-0.03464794643376187,-0.04948716593053936,-0.04948716593053934,-0.04948716593053935,-0.03464794643376185,-0.04948716593053936,-0.03464794643376185,-0.034647946433761866,-0.03464794643376187,-0.03464794643376185,-0.03464794643376187,-0.03464794643376185,0.1649572197684645,-0.03464794643376187,-0.03464794643376188,-0.034647946433761866,-0.04948716593053936,-0.03464794643376186,-0.03464794643376185,-0.03464794643376187,-0.03464794643376185,-0.04948716593053934,-0.03464794643376187,0.08070466898086182,-0.03464794643376188,-0.03464794643376187,-0.03464794643376187,0.13552618543578768,-0.04948716593053934,-0.04948716593053936,-0.03464794643376188,-0.03464794643376187,-0.03464794643376185,-0.03464794643376187,-0.03464794643376185,-0.03464794643376187,-0.03464794643376186,0.2978162611900488,-0.04948716593053937,-0.0807046689808617,-0.10550699226799952,-0.04948716593053934,-0.034647946433761845,-0.03464794643376185,-0.061224489795918394,-0.034647946433761866,-0.03464794643376185,-0.03464794643376185,-0.034647946433761866,-0.034647946433761845,-0.08070466898086179,-0.034647946433761845,0.2925170068027211,-0.04948716593053934,-0.04948716593053934,0.1990715168194589,0.16879738280810816,-0.10550699226799949,-0.07142857142857142,-0.09759000729485334,-0.14285714285714285,0.2380952380952381,-0.15754599044867315,0.14345114601325776
origin_indonesia,0.14552137502179976,-0.1455213750217998,-0.0196078431372549,-0.20092060325410976,-0.02800560168056019,-0.03464794643376185,1.0,-0.01960784313725492,-0.04042260417272216,-0.03464794643376185,-0.028005601680560203,-0.0280056016805602,-0.019607843137254905,-0.05522779130530095,-0.01960784313725492,-0.01960784313725492,-0.050572173742417376,-0.03464794643376186,-0.028005601680560193,-0.019607843137254905,-0.0196078431372549,-0.034647946433761866,-0.0196078431372549,-0.019607843137254912,-0.0196078431372549,-0.019607843137254905,-0.0196078431372549,-0.019607843137254905,-0.01960784313725491,-0.0196078431372549,-0.04567210044745522,-0.028005601680560203,-0.034647946433761845,-0.040422604172722164,0.7001400420140049,0.1455213750217998,-0.028005601680560203,-0.019607843137254905,-0.12964074471043288,-0.055227791305300956,-0.019607843137254905,-0.028005601680560203,-0.019607843137254905,-0.21004201260420147,-0.01960784313725492,-0.028005601680560203,1.0,-0.019607843137254905,-0.028005601680560196,-0.04042260417272216,-0.0280056016805602,-0.019607843137254905,-0.028005601680560203,-0.028005601680560196,-0.028005601680560203,-0.028005601680560193,-0.028005601680560193,-0.03464794643376187,-0.028005601680560203,-0.040422604172722185,-0.03464794643376186,-0.01960784313725491,-0.0196078431372549,-0.01960784313725492,-0.0280056016805602,-0.01960784313725491,-0.028005601680560196,-0.02800560168056019,-0.0196078431372549,-0.019607843137254912,-0.019607843137254905,1.0,-0.01960784313725492,-0.028005601680560203,-0.028005601680560193,-0.028005601680560193,-0.019607843137254905,-0.028005601680560203,-0.019607843137254905,-0.01960784313725491,-0.01960784313725492,-0.019607843137254905,-0.01960784313725492,-0.019607843137254905,0.09335200560186734,-0.01960784313725492,-0.01960784313725492,-0.01960784313725491,-0.028005601680560203,-0.01960784313725491,-0.019607843137254905,-0.01960784313725492,-0.019607843137254905,-0.028005601680560193,-0.01960784313725492,0.045672100447455184,-0.01960784313725492,-0.01960784313725492,-0.01960784313725492,0.07669649888473702,-0.028005601680560193,-0.028005601680560203,-0.01960784313725492,-0.01960784313725492,-0.019607843137254905,-0.01960784313725492,-0.019607843137254905,-0.01960784313725492,-0.019607843137254905,-0.06832667180756566,-0.028005601680560214,-0.045672100447455184,-0.05970814340265323,-0.028005601680560193,-0.019607843137254905,-0.0196078431372549,-0.034647946433761866,-0.019607843137254912,-0.0196078431372549,-0.0196078431372549,-0.01960784313725491,-0.0196078431372549,-0.04567210044745522,-0.0196078431372549,-0.034647946433761845,-0.028005601680560196,0.7001400420140049,-0.0456721004474552,-0.050572173742417376,-0.059708143402653215,-0.040422604172722164,-0.05522779130530097,-0.08084520834544431,-0.04042260417272216,-0.08915786895268656,0.17712297710801905
origin_ireland,0.1455213750217997,-0.14552137502179976,-0.019607843137254916,-0.20092060325410982,-0.028005601680560214,-0.03464794643376187,-0.01960784313725492,1.0,-0.04042260417272219,-0.03464794643376188,-0.028005601680560217,-0.028005601680560217,-0.01960784313725492,-0.055227791305300956,-0.01960784313725486,1.0,-0.050572173742417396,-0.03464794643376187,-0.028005601680560214,-0.019607843137254916,-0.01960784313725492,-0.03464794643376187,-0.019607843137254916,-0.019607843137254916,-0.01960784313725492,-0.01960784313725492,-0.01960784313725492,-0.019607843137254923,-0.01960784313725492,-0.019607843137254916,-0.0456721004474552,-0.028005601680560224,-0.03464794643376187,-0.040422604172722164,-0.028005601680560217,0.14552137502179988,-0.02800560168056018,-0.01960784313725492,-0.12964074471043288,-0.05522779130530094,-0.01960784313725492,-0.028005601680560224,-0.019607843137254916,0.09335200560186734,-0.01960784313725489,-0.02800560168056018,-0.019607843137254916,-0.019607843137254923,-0.028005601680560224,-0.040422604172722164,-0.028005601680560217,-0.019607843137254923,-0.028005601680560217,-0.028005601680560224,-0.028005601680560224,-0.028005601680560217,-0.028005601680560217,-0.03464794643376187,-0.028005601680560193,0.4850712500726661,-0.03464794643376185,-0.019607843137254923,-0.01960784313725492,-0.01960784313725486,-0.028005601680560214,-0.01960784313725492,-0.028005601680560224,-0.028005601680560214,-0.019607843137254916,-0.019607843137254923,-0.019607843137254916,-0.019607843137254916,-0.01960784313725486,-0.028005601680560217,-0.028005601680560217,-0.028005601680560217,-0.019607843137254923,-0.028005601680560196,-0.019607843137254923,-0.01960784313725492,1.0,-0.019607843137254923,-0.01960784313725486,-0.019607843137254916,-0.21004201260420158,-0.01960784313725486,-0.01960784313725489,-0.01960784313725492,-0.02800560168056018,-0.019607843137254923,-0.019607843137254923,-0.01960784313725492,-0.019607843137254923,-0.028005601680560217,-0.01960784313725486,0.04567210044745516,-0.01960784313725489,-0.01960784313725486,-0.01960784313725492,-0.25565499628245697,-0.028005601680560217,0.700140042014005,-0.01960784313725489,-0.01960784313725486,-0.019607843137254923,-0.01960784313725486,-0.019607843137254923,-0.01960784313725486,-0.01960784313725492,-0.06832667180756563,0.700140042014005,-0.045672100447455205,-0.059708143402653235,-0.028005601680560214,-0.019607843137254916,-0.01960784313725492,-0.03464794643376187,-0.019607843137254916,-0.01960784313725492,-0.01960784313725492,-0.01960784313725492,-0.019607843137254916,-0.0456721004474552,-0.019607843137254916,-0.03464794643376187,-0.028005601680560224,-0.028005601680560217,0.42931774420607877,-0.05057217374241737,-0.059708143402653235,-0.04042260417272217,-0.055227791305300936,0.24253562503633314,-0.040422604172722185,-0.08915786895268653,-0.11070186069251195
origin_scotland,0.29999999999999977,-0.3,-0.04042260417272216,-0.41420843478975716,-0.05773502691896256,-0.07142857142857141,-0.04042260417272216,-0.04042260417272219,1.0,-0.07142857142857141,-0.05773502691896256,-0.057735026918962574,-0.04042260417272216,0.5204800389058842,-0.04042260417272219,-0.04042260417272219,-0.10425720702853737,-0.0714285714285714,-0.057735026918962554,-0.040422604172722164,-0.040422604172722164,-0.07142857142857138,-0.04042260417272216,-0.04042260417272215,-0.04042260417272216,-0.040422604172722164,-0.040422604172722164,-0.04042260417272215,-0.040422604172722164,-0.04042260417272216,-0.0941554471443387,-0.05773502691896257,-0.07142857142857141,0.18749999999999997,-0.057735026918962574,0.011111111111111105,-0.05773502691896258,-0.04042260417272216,0.02227177015936869,0.0975900072948533,-0.040422604172722164,-0.05773502691896256,-0.040422604172722164,0.036084391824351615,-0.04042260417272218,-0.057735026918962595,-0.04042260417272215,-0.04042260417272215,-0.057735026918962574,-0.0833333333333333,-0.057735026918962574,-0.04042260417272215,-0.05773502691896256,-0.05773502691896256,-0.05773502691896256,-0.057735026918962554,-0.057735026918962574,-0.07142857142857145,-0.05773502691896256,0.1874999999999999,-0.07142857142857144,0.4850712500726658,-0.040422604172722164,-0.04042260417272219,-0.05773502691896254,0.4850712500726661,-0.057735026918962574,-0.05773502691896254,-0.04042260417272216,0.48507125007266605,-0.04042260417272215,-0.04042260417272215,-0.04042260417272219,-0.057735026918962574,-0.057735026918962574,-0.05773502691896257,0.4850712500726658,-0.057735026918962574,-0.04042260417272215,0.4850712500726661,-0.04042260417272219,-0.04042260417272215,-0.04042260417272219,-0.04042260417272215,-0.2766470039866956,-0.04042260417272219,-0.04042260417272218,-0.040422604172722164,-0.057735026918962595,0.4850712500726658,-0.04042260417272215,-0.04042260417272218,-0.04042260417272215,-0.05773502691896256,-0.04042260417272219,0.09415544714433875,-0.04042260417272218,-0.04042260417272219,-0.04042260417272218,-0.013176156917368134,-0.05773502691896254,0.3175426480542941,-0.04042260417272218,-0.04042260417272219,-0.04042260417272215,-0.04042260417272219,-0.04042260417272215,-0.04042260417272219,-0.04042260417272216,0.4084912231187831,-0.057735026918962595,-0.09415544714433866,-0.12309149097933277,-0.057735026918962554,-0.040422604172722164,-0.040422604172722164,-0.07142857142857138,-0.04042260417272215,-0.04042260417272216,-0.040422604172722164,-0.040422604172722164,-0.04042260417272216,-0.0941554471443387,-0.04042260417272216,-0.07142857142857141,0.3175426480542941,-0.057735026918962574,0.1506487154309419,-0.10425720702853737,0.076932181862083,0.18750000000000006,0.09759000729485334,-0.16666666666666663,0.1874999999999999,-0.024507154069793518,0.06846531968814579
origin_usa,0.0920634920634921,-0.09206349206349207,-0.034647946433761845,-0.35503580124836315,-0.04948716593053935,-0.06122448979591837,-0.03464794643376185,-0.03464794643376188,-0.07142857142857141,1.0,-0.04948716593053936,0.3794016054674684,0.5659164584181103,-0.09759000729485331,-0.03464794643376188,-0.03464794643376188,-0.08936332031017492,-0.0612244897959184,-0.04948716593053935,-0.034647946433761845,-0.03464794643376185,-0.06122448979591838,-0.034647946433761845,-0.034647946433761866,0.5659164584181103,-0.034647946433761866,-0.03464794643376185,-0.03464794643376185,-0.034647946433761866,-0.034647946433761845,-0.0807046689808618,-0.049487165930539354,-0.06122448979591837,-0.07142857142857142,-0.04948716593053935,0.09206349206349207,-0.04948716593053936,0.5659164584181103,-0.22908106449636384,-0.09759000729485331,-0.034647946433761866,-0.04948716593053935,-0.034647946433761845,0.16495721976846459,-0.034647946433761886,-0.04948716593053936,-0.03464794643376185,-0.03464794643376186,-0.04948716593053935,0.23809523809523814,0.37940160546746826,-0.03464794643376185,-0.04948716593053936,-0.04948716593053935,-0.04948716593053936,0.3794016054674684,-0.04948716593053935,-0.0612244897959184,-0.04948716593053936,-0.07142857142857145,-0.06122448979591838,-0.03464794643376186,-0.03464794643376185,-0.03464794643376188,-0.049487165930539354,-0.034647946433761866,-0.04948716593053935,-0.04948716593053934,-0.034647946433761845,-0.034647946433761866,-0.03464794643376185,-0.03464794643376185,-0.03464794643376188,-0.04948716593053936,-0.04948716593053935,-0.04948716593053935,-0.03464794643376186,-0.04948716593053936,-0.03464794643376185,-0.034647946433761866,-0.03464794643376188,-0.03464794643376186,-0.03464794643376188,-0.03464794643376185,0.1649572197684645,-0.03464794643376188,-0.034647946433761886,-0.034647946433761866,-0.04948716593053936,-0.03464794643376186,-0.03464794643376185,-0.03464794643376188,-0.03464794643376185,-0.04948716593053935,-0.03464794643376188,0.08070466898086175,-0.034647946433761886,-0.03464794643376188,-0.03464794643376188,0.1355261854357877,-0.04948716593053935,-0.04948716593053936,-0.034647946433761886,-0.03464794643376188,-0.03464794643376186,-0.03464794643376188,-0.03464794643376186,-0.03464794643376188,0.5659164584181103,-0.12073632210407385,-0.049487165930539374,-0.08070466898086172,0.12309149097933274,-0.04948716593053935,-0.034647946433761845,-0.03464794643376185,-0.06122448979591838,-0.034647946433761866,0.5659164584181103,-0.03464794643376185,-0.034647946433761866,-0.034647946433761845,-0.0807046689808618,-0.034647946433761845,-0.06122448979591837,-0.04948716593053935,-0.04948716593053935,-0.08070466898086175,0.4269580859263913,-0.10550699226799952,-0.07142857142857142,-0.09759000729485334,-0.1428571428571429,-0.07142857142857142,-0.1575459904486731,0.31298431857438047
origin_wales,0.20784609690826508,-0.20784609690826522,-0.028005601680560203,-0.2869720215917757,-0.04000000000000001,-0.04948716593053936,-0.028005601680560203,-0.028005601680560217,-0.05773502691896256,-0.04948716593053936,1.0,-0.040000000000000015,-0.028005601680560203,-0.07888106377466157,-0.028005601680560217,-0.028005601680560217,-0.07223151185146154,-0.049487165930539326,-0.039999999999999994,-0.028005601680560203,-0.028005601680560203,0.37940160546746843,-0.028005601680560203,-0.028005601680560196,-0.028005601680560203,-0.02800560168056021,-0.028005601680560203,0.7001400420140051,-0.028005601680560203,-0.028005601680560203,-0.06523280730534424,-0.04000000000000001,-0.049487165930539354,-0.057735026918962574,-0.040000000000000015,0.0076980035891950445,-0.04000000000000001,-0.028005601680560203,0.015430334996209182,-0.07888106377466159,-0.02800560168056021,-0.04000000000000001,-0.028005601680560203,0.13333333333333333,-0.028005601680560217,-0.04000000000000002,-0.0280056016805602,-0.028005601680560196,-0.040000000000000015,-0.05773502691896256,-0.040000000000000015,0.7001400420140051,0.48000000000000004,-0.04000000000000001,-0.04000000000000001,-0.04,-0.040000000000000015,-0.049487165930539374,-0.04000000000000001,-0.057735026918962616,-0.04948716593053937,-0.028005601680560203,-0.028005601680560203,-0.028005601680560217,-0.04,-0.028005601680560214,-0.040000000000000015,-0.03999999999999999,-0.028005601680560203,-0.028005601680560207,-0.02800560168056019,-0.0280056016805602,-0.028005601680560217,-0.040000000000000015,-0.040000000000000015,-0.04000000000000001,-0.028005601680560196,-0.040000000000000015,-0.028005601680560196,-0.028005601680560214,-0.028005601680560217,-0.028005601680560196,-0.028005601680560217,-0.02800560168056019,-0.08333333333333337,-0.028005601680560217,-0.028005601680560217,-0.028005601680560203,-0.040000000000000015,-0.028005601680560203,0.7001400420140051,-0.028005601680560217,-0.028005601680560196,-0.04000000000000001,-0.028005601680560217,0.06523280730534418,-0.028005601680560217,-0.028005601680560217,-0.028005601680560217,0.10954451150103317,-0.039999999999999994,-0.04000000000000001,-0.028005601680560217,-0.028005601680560217,-0.028005601680560196,-0.028005601680560217,-0.028005601680560196,-0.028005601680560217,-0.028005601680560203,-0.09759000729485329,-0.04000000000000002,-0.06523280730534421,0.1918806447200494,-0.039999999999999994,-0.028005601680560203,-0.028005601680560203,0.37940160546746843,-0.028005601680560196,-0.028005601680560203,-0.028005601680560203,-0.028005601680560203,-0.028005601680560203,-0.06523280730534424,-0.028005601680560203,-0.049487165930539354,-0.04,-0.040000000000000015,-0.06523280730534424,0.24077170617153842,-0.08528028654224418,-0.057735026918962554,0.21410574453122427,-0.11547005383792505,0.3175426480542941,-0.12734290799340267,0.04743416490252569
specialty_auror,0.007698003589195035,-0.00769800358919499,-0.0280056016805602,-0.07379280555217083,-0.04000000000000001,-0.049487165930539354,-0.0280056016805602,-0.028005601680560217,-0.057735026918962574,0.3794016054674684,-0.040000000000000015,1.0,-0.0280056016805602,-0.07888106377466159,-0.028005601680560217,-0.028005601680560217,-0.07223151185146154,-0.04948716593053936,-0.04,-0.0280056016805602,-0.028005601680560196,-0.04948716593053936,-0.0280056016805602,-0.028005601680560207,-0.028005601680560193,-0.0280056016805602,-0.028005601680560196,-0.028005601680560196,-0.028005601680560207,-0.0280056016805602,-0.06523280730534425,-0.04000000000000001,-0.049487165930539354,-0.05773502691896258,-0.04,0.20784609690826525,-0.040000000000000015,-0.0280056016805602,-0.18516401995451032,-0.07888106377466159,-0.0280056016805602,0.48000000000000004,-0.0280056016805602,-0.0833333333333333,-0.028005601680560224,-0.040000000000000015,-0.028005601680560193,-0.028005601680560203,-0.04000000000000001,0.3175426480542942,-0.04000000000000001,-0.028005601680560196,-0.040000000000000015,-0.04,-0.04000000000000001,-0.04,-0.04000000000000001,0.37940160546746826,-0.04000000000000001,-0.057735026918962616,-0.04948716593053936,-0.028005601680560203,-0.028005601680560196,-0.028005601680560217,-0.04000000000000001,-0.028005601680560207,-0.04000000000000001,-0.039999999999999994,-0.0280056016805602,-0.028005601680560207,-0.028005601680560196,-0.028005601680560193,-0.028005601680560217,-0.040000000000000015,-0.04000000000000001,-0.04,-0.028005601680560203,-0.040000000000000015,-0.028005601680560196,-0.028005601680560207,-0.028005601680560217,-0.028005601680560203,-0.028005601680560217,-0.028005601680560196,0.1333333333333334,-0.028005601680560217,-0.028005601680560224,-0.028005601680560207,-0.040000000000000015,-0.028005601680560203,-0.028005601680560196,-0.028005601680560217,-0.028005601680560196,-0.04,-0.028005601680560217,0.0652328073053442,-0.028005601680560224,-0.028005601680560217,-0.028005601680560217,0.1095445115010332,-0.04,-0.040000000000000015,-0.028005601680560224,-0.028005601680560217,-0.028005601680560203,-0.028005601680560217,-0.028005601680560203,-0.028005601680560217,-0.0280056016805602,-0.09759000729485331,-0.04000000000000002,-0.06523280730534421,0.469041575982343,-0.04,-0.0280056016805602,-0.028005601680560196,-0.04948716593053936,-0.028005601680560207,-0.028005601680560193,-0.028005601680560196,-0.028005601680560207,-0.0280056016805602,-0.06523280730534425,-0.0280056016805602,-0.049487165930539354,-0.04,-0.04,-0.06523280730534423,0.2407717061715384,0.19188064472004937,-0.05773502691896258,-0.07888106377466159,-0.11547005383792508,-0.057735026918962595,-0.12734290799340273,0.2529822128134704
specialty_baking,-0.13474201390907384,0.1347420139090739,-0.019607843137254905,-0.2009206032541098,-0.0280056016805602,-0.03464794643376186,-0.019607843137254905,-0.01960784313725492,-0.04042260417272216,0.5659164584181103,-0.028005601680560203,-0.0280056016805602,1.0,-0.055227791305300956,-0.01960784313725492,-0.01960784313725492,-0.050572173742417376,-0.03464794643376186,-0.028005601680560193,-0.019607843137254905,-0.0196078431372549,-0.034647946433761866,-0.019607843137254905,-0.019607843137254912,-0.0196078431372549,-0.019607843137254905,-0.0196078431372549,-0.019607843137254905,-0.01960784313725491,-0.019607843137254905,-0.04567210044745522,-0.028005601680560203,-0.03464794643376185,-0.040422604172722164,-0.028005601680560193,-0.13474201390907392,-0.028005601680560203,1.0,-0.12964074471043288,-0.055227791305300956,-0.019607843137254905,-0.028005601680560203,-0.019607843137254905,0.09335200560186735,-0.01960784313725492,-0.028005601680560203,-0.0196078431372549,-0.019607843137254905,-0.028005601680560203,-0.04042260417272216,0.7001400420140048,-0.019607843137254905,-0.028005601680560203,-0.028005601680560196,-0.028005601680560203,-0.028005601680560193,-0.0280056016805602,-0.03464794643376187,-0.028005601680560203,-0.04042260417272219,-0.03464794643376186,-0.01960784313725491,-0.0196078431372549,-0.01960784313725492,-0.0280056016805602,-0.01960784313725491,-0.028005601680560203,-0.02800560168056019,-0.019607843137254905,-0.019607843137254912,-0.019607843137254905,-0.0196078431372549,-0.01960784313725492,-0.028005601680560203,-0.0280056016805602,-0.028005601680560196,-0.019607843137254905,-0.028005601680560203,-0.019607843137254905,-0.01960784313725491,-0.01960784313725492,-0.019607843137254905,-0.01960784313725492,-0.019607843137254905,0.09335200560186735,-0.01960784313725492,-0.01960784313725492,-0.01960784313725491,-0.028005601680560203,-0.01960784313725491,-0.019607843137254905,-0.01960784313725492,-0.019607843137254905,-0.028005601680560193,-0.01960784313725492,0.04567210044745519,-0.01960784313725492,-0.01960784313725492,-0.01960784313725492,0.07669649888473706,-0.028005601680560193,-0.028005601680560203,-0.01960784313725492,-0.01960784313725492,-0.019607843137254905,-0.01960784313725492,-0.019607843137254905,-0.01960784313725492,1.0,-0.06832667180756564,-0.028005601680560214,-0.04567210044745519,-0.05970814340265323,-0.028005601680560193,-0.019607843137254905,-0.0196078431372549,-0.034647946433761866,-0.019607843137254912,-0.0196078431372549,-0.0196078431372549,-0.01960784313725491,-0.019607843137254905,-0.04567210044745522,-0.019607843137254905,-0.03464794643376185,-0.028005601680560196,-0.028005601680560193,-0.0456721004474552,-0.05057217374241738,-0.059708143402653215,-0.040422604172722164,-0.05522779130530097,-0.08084520834544429,-0.04042260417272217,-0.08915786895268656,0.17712297710801905
